30.584856368
31.067027214000003
31.29564149500001
31.49762157800001
31.67163221300001
31.859013983000004
32.07353584400002
32.453862288000025
32.63434328000002
32.826197672000006
33.00182396300001
33.157743103000016
33.33268225800001
33.487379684
33.644861837999976
33.79764449299998
33.941544968999956
34.096557690999965
34.27066475799997
34.45168216899997
34.63659230299997
34.802804605999974
34.945174644999966
35.10691964299997
35.30268333899997
35.46802498199999
35.642812651999996
35.83690872499999
36.00691303099997
36.160333527999946
36.30507480099995
36.46792175499995
36.62488832999996
36.76500057099997
36.90578761999999
37.045307512
37.205118620000015
37.344089332
37.48583090100001
37.63862175199999
37.804708591
37.953942042
38.135303298999986
38.309052392
38.49999556799997
38.65487021299997
38.81170324299997
39.055551899999976
39.212934469000004
39.41510787000001
39.626115299000034
39.78771439100003
40.017751788000034
40.175419933000036
40.36371590000004
40.517516021000056
40.66265887800005
40.82160112000006
40.99777386200006
41.14454292900005
41.288432974000045
41.46246436000007
41.613306116000075
41.75630937300007
41.915326670000056
42.076469991000074
42.23482827300006
42.388257472000035
42.54479738800004
42.70404134000003
42.84579023500004
42.98900359000004
43.13285087200003
43.27220074400004
43.423641044000036
43.57559592500007
43.72419396100009
43.86816911600009
44.01040736700008
44.16217831400008
44.3057655260001
44.4889384080001
44.65646550400011
44.81433411500012
44.97820027300013
45.13640872100012
45.29278354600013
45.44448877400012
45.59473994300009
45.74371910800009
45.890796678000115
46.04111865900012
46.22488188000012
46.371094631000126
46.50149281400014
46.65909043100012
46.80324106600013
46.94231428500016
47.09515845400014
47.26056135200015
47.409588272000164
47.581137292000165
47.73009816300015
47.880690586000135
48.02844523900013
48.168743836000175
48.305198753000184
48.443155214000164
48.58373904200016
48.72811217200016
48.866725931000154
49.01866848300016
49.17194398500015
49.33807749700016
49.47460501800016
49.62179652500017
49.96658919600016
50.216239345000155
50.35165379600015
50.486154479000156
50.621315497000154
50.76950297300014
50.92460616100013
51.06187024200013
51.20864328800013
51.34182756600014
51.46621347100013
51.59542566200014
51.72110259800017
51.877863183000194
52.04343764100021
52.205558878000204
52.354396655000194
52.49077986500019
52.64881904800019
52.79334220300019
52.972138962000194
53.1137465840002
53.24637427000021
53.37924440500019
53.52188120700019
53.66254959800019
53.81307891100018
53.943517303000185
54.08368580500019
54.237877562000186
54.37682347200018
54.51528729400021
54.648380741000224
54.78106805800023
54.915109831000215
55.06660936500021
55.19980465600022
55.32679787400022
55.457897807000215
55.61370150800024
55.75378686800023
55.91164495600023
56.184443854000236
56.38291200900025
56.55801959200025
56.73505575900026
56.91269285600027
57.08600689500025
57.26310273100026
57.487892310000255
57.79290054200023
58.06239711700023
58.32863665100022
58.65108316800022
58.88915756200021
59.0873426960002
59.4337531620002
59.705707369000194
60.0083721470002
60.2651227000002
60.7490640990002
61.04177325000019
61.37964242400019
61.60261179300018
61.817723985000164
61.972029648000166
62.11556423800017
62.25752260400018
62.39886150500016
62.53362709600019
62.69312486100017
62.862727987000156
63.02361355000015
63.177836258000134
63.409420940000146
63.57874411900017
63.72808733100017
63.89201343400017
64.05085143300018
64.21977062500021
64.3776653540002
64.5240051160002
64.71119715000019
64.89929275600015
65.06468081900016
65.22418476200016
65.36990064700015
65.52825872100014
65.67710498500013
65.82881231900012
65.97761716200012
66.14308460200014
66.32421309500012
66.47573985700012
66.62168971700014
66.79464274100015
66.95006862100016
67.11789253600017
67.28450718000019
67.45145955400015
67.62791144300017
67.79463156800018
67.98822969700021
68.16685926800022
68.3380926630002
68.51565099700021
68.69319369500019
68.87802716600017
69.05696230700016
69.25126378100015
69.43625524900015
69.59399263500016
69.75554077200013
69.90998840800017
70.11111480000021
70.28923345900027
70.42842071000028
70.56254992900031
70.7188758890003
70.85947745400024
70.98910814100019
71.1121767200002
71.23376345500017
71.36420773900018
71.49176478700019
71.62904395600022
71.76141032000027
71.88540339200027
72.00633987600033
72.12852280400031
72.2499067650003
72.38121203900029
72.5107695560003
72.63260120900034
72.75791483300033
72.87918324300028
73.00416510400025
73.13865183000027
73.27418469700027
73.4057814490003
73.52979292900032
73.66665992800031
73.79193666600032
73.92198762900037
74.05835678000037
74.19162852200034
74.31386596000036
74.43762674500036
74.56055090200039
74.70111242900042
74.84029759700044
74.98943647700045
75.13889842000044
75.2791771510004
75.4194204170004
75.55754902300039
75.6949296870004
75.82620653600038
75.98076995900038
76.12390710900041
76.26797782900042
76.40786759800042
76.55538430600038
76.70492120100039
76.85065552100038
77.0086410080004
77.14345985800041
77.28219589400038
77.50070276600034
77.62379216100034
77.74408854800032
77.86628010300032
78.02863772500032
78.16948537100036
78.29542427800031
78.4164307990003
78.5377897870003
78.67426080000033
78.79537975800037
78.91685867100031
79.03879453400033
79.15957505200029
79.29529729800028
79.4180669170003
