6516.492258105801
6504.161237417222
6497.591905604657
6489.685520723328
6490.620516710333
6487.775331791325
6478.244987885699
6477.049100418164
6464.259690742678
6475.107206453318
6461.198873017637
6465.004733398997
6452.431130563689
6437.629748068887
6440.946376946928
6433.681871746268
6422.953985058949
6419.77104526128
6418.533311951846
6400.543120858827
6407.911151866172
6394.0671285453
6395.558643279729
6379.879103923038
6377.969937901918
6368.449840995072
6352.744176046616
6358.470880746308
6352.154680507806
6341.386325673386
6333.609891008883
6327.949538580875
6317.321792695244
6305.230682956551
6310.558054418203
6302.52360601475
6283.638334244664
6285.5025198239055
6264.504792753843
6272.16220977132
6254.383069645057
6251.268956746907
6232.3898617712985
6235.175148065776
6216.654582916773
6210.451243573087
6204.822397834105
6198.115836850157
6182.195149332128
6175.5491122936455
6171.623703083466
6159.115528848439
6146.566298141834
6134.696578521726
6127.002135552292
6115.493873863177
6101.628661051045
6094.380358568791
6077.4961856923765
6074.826009239813
6047.333879120994
6048.349535661271
6035.871400248441
6016.347622170139
6002.23450213912
5993.656712829441
5983.289710671783
5975.782907281766
5962.542131962391
5949.649978608561
5921.108975339692
5910.502951101506
5894.378689596949
5887.401224464963
5872.134598139172
5855.678143907409
5838.571234589632
5830.074478669137
5791.6249601557965
5786.288774310205
5736.078341817887
5738.237031793787
5716.995735008621
5686.30222054935
5648.77700901251
5629.836676126486
5578.24913263954
5569.073480060446
5553.046160924329
5530.596691890228
5495.259254674419
5451.447678549479
5425.580754746309
5399.297662071786
5352.791049067443
5320.478848516492
5292.688403209419
5260.854945246844
5234.176024220189
5160.681620939755
5160.629269028156
5082.274741931324
5038.747449603192
5010.586302989972
4972.915392797638
4945.650419264477
4877.600061439173
4852.8885713239215
4812.041195534631
4773.698241704644
4711.379142791681
4648.114972651988
4593.122979164364
4543.375557844977
4478.364471634614
4469.311683769729
4402.976358310487
4366.673788889944
4273.510045810095
4228.432952769708
4229.5512703611785
4152.032067277738
4106.0970350763355
4011.092897154719
3958.786421727752
3964.186906032651
3836.6453895268783
3852.5661048701486
3756.9483623480583
3715.2361388833774
3635.8656249162577
3614.974300164394
3553.9370236558516
3448.672082817621
3414.8097814508797
3420.9645858012195
3323.2524277587036
3238.7551658892735
3191.8442889002563
3169.092698888375
3147.117534042556
3095.8909662405435
2987.4246655048255
2959.1968048510453
2941.7305374103644
2863.7031183721165
2823.0135268060108
2783.04505547612
2739.9023335402767
2709.0173127227795
2651.19754018767
2620.521116956495
2567.1812052455944
2499.0072246264554
2546.6768066269256
2474.8600289210663
2447.5599447059767
2376.264359215262
2291.8355068503547
2324.8458586483457
2254.4853143722494
2230.640589137366
2144.4209175695396
2146.2735031440734
2126.3661879232104
2057.175360670751
2056.9583400761967
1969.8373145349374
1940.9266999054362
1922.8800596685046
1875.5139022069025
1810.7553576959722
1797.1286825948023
1725.2627905740314
1707.6752034549058
1643.9441741859819
1646.5501630077963
1601.991658942253
1584.9206597251236
1538.4985876074568
1435.732961668913
1412.8289617187163
1355.7981033091899
1305.8383598677717
1255.724755411977
1259.7259133683233
1187.7560084350985
1138.4981714173023
1132.5378261559742
1090.9354385708807
1022.407080747575
1010.1884732848465
939.5196172775621
919.994535508158
903.4382125860495
861.1953350027097
855.8291761400031
822.872783587306
783.4680825931997
754.1731897070451
711.9834564527563
707.5832224978591
672.5679284969386
641.1494317862173
620.4531323493683
600.9312908337329
591.7670947977325
549.9211289645867
529.3540202141104
521.8532047230883
506.19058361916314
476.32176649564065
459.94282179560923
453.2232129173497
443.984614145201
424.84599173470406
408.4062955108034
399.5465387738555
391.00458656527803
378.4595823134193
357.54472977846103
345.2801438676972
331.5501329652806
319.38542351873843
312.1977187806045
306.2665652757986
297.2411706164818
291.2171810922317
278.9001779440244
274.7763845581927
268.7080615519318
260.7067010699009
256.2504357692079
249.654845075001
242.73245198236825
236.4692586129415
233.37405132043446
226.97695908374914
223.95293571233
217.7709405929387
212.51974617813767
195.44741714626426
192.47826385069627
189.07072577876238
185.83042730923484
182.86302993109067
179.72447947982107
177.40458851117955
174.96186822037322
172.533522170817
169.87958336134068
168.30562050449518
166.59902391787585
165.66822784491163
163.00188167022534
161.53860352033925
160.89043220052613
158.727122598287
157.98350430384798
157.12357495492878
155.355949468847
155.0854075632922
152.95047679699871
151.12819080674763
151.77133192783546
150.4089912219266
149.3338568954172
148.08276477059732
147.81358480430805
147.0660185774808
147.53495621026929
146.86241518720374
146.15035659972418
145.52942107759927
144.99663170216508
144.53173995471795
144.3598813899186
144.09667720839764
143.44635117736985
141.91848764111182
141.88005868340855
142.08875315787964
141.2124824216427
141.41769992558147
140.24246135831473
139.57843556020168
138.85384746475407
139.86531149516162
139.00324534773245
137.70693384895844
137.84359544563395
136.78290661351306
138.38941686719332
137.66023971908035
137.97749331488842
137.4332612976685
136.50956425850256
136.5872699110781
136.39791187643647
135.8369093617729
