0.33419911454830803
0.33419911454830814
0.3336081545102228
0.3747568847683636
0.5201803017712666
0.6676051470889914
0.7040818571433097
0.7847246621513017
0.8330612631275508
0.8333333333333333
0.8333333333333329
0.833333333333333
0.833333333333333
0.8331882596603402
0.8329337356517751
0.7827846380688472
0.7010651280488871
0.6670351980991698
0.6671794125833885
0.6671322706222148
0.6662768711729165
0.6662768711729165
0.6666666666666665
0.6666666666666665
0.6666666666666665
0.6666666666666666
0.6663153453699809
0.6662313386426484
0.6666320220123239
0.6667161298226986
0.6666666666666666
0.6666666666666666
0.6665977939052886
0.6665977939052888
0.6666666666666666
0.6667610599721291
0.6667610599721291
0.6666666666666664
0.6667690163956422
0.6668337559482139
0.6668517108436617
0.6667783174977506
0.6666580194805669
0.6666666666666665
0.6667524090112067
0.6668036729334024
0.6663584940856742
0.6659046353040626
0.6662635690490797
0.6666666666666669
0.6666666666666669
0.6664735100879843
0.6664735100879842
0.6666666666666666
0.6666666666666666
0.6666647835210171
0.6666647835210171
0.6667305275748864
0.6667305275748865
0.6666666666666667
0.6666666666666666
0.6666666666666666
0.6667452503171304
0.6667452503171305
0.6666666666666665
0.6666666666666665
0.6666666666666665
0.6666666666666665
0.6666666666666666
0.6666660041142647
0.641441632706467
0.47486515014106756
0.3576052571051443
0.3333883112681052
0.3333809645483542
0.33343451537325924
0.33338686885614427
0.33333333333333326
0.33333333333333315
0.33333333333333315
0.33333333333333326
0.3333842815514162
0.3333842815514162
0.33333333333333315
0.33333333333333315
0.33333333333333315
0.33333333333333315
0.3333333333333333
0.3333886625933406
0.333458644526777
0.3334032920378243
0.33340397388599646
0.3334039738859963
0.33333333333333315
0.33333333333333326
0.3334195992606141
0.3334195992606142
0.3333333333333333
0.3334046204306797
0.3334046204306798
0.3333333333333333
0.3333333333333332
0.3333333333333333
0.33333333333333326
0.33333333333333326
0.3333333333333332
0.33333333333333315
0.33333333333333315
0.33333333333333326
0.3333333333333332
0.33333333333333315
0.33333333333333315
0.33333333333333315
0.33333333333333315
0.33333333333333315
0.33333333333333326
0.3333333333333332
0.33333333333333326
0.33400322369539176
0.5015087693797307
