0.348337249046379
0.2822457558237556
1.071885211486859
1.2175895596084139
0.991556631997636
-1.917900283959437
-0.7147309550385174
-2.4780160022971165
-8.229352698698325
-0.4660119005436901
-0.5177654952421157
3.011316685946292
4.164077760694376
3.6303807847966
3.7620771810128577
8.733672357094166
10.348022748822816
12.472920332784156
12.107886642293352
17.660937750079402
18.503592746803136
18.812273603431784
16.135307244214882
18.484154463242586
19.10164261914751
18.348431681181058
17.568096530382835
17.36604265693347
15.319654251062564
14.428921861664474
13.580947734231504
12.597742472851209
10.11707837003507
7.944080994454925
10.035041498653403
8.921165537334522
8.520497197033528
10.596131645042806
12.34692205511274
11.232438102574493
13.324819856599246
16.882516166402308
13.68033314764685
11.64487120724607
11.319569639425595
14.17187044628828
15.296108330880251
14.737287907063237
14.815173587458526
16.325317665272
15.166377060650976
14.737747439196502
13.334773617040762
11.649437038185221
9.352268508128677
8.496837636664887
6.319742707019425
4.846021024567169
2.7962570703487355
1.8808254072872101
-1.597745797087601
-1.2195946184102422
0.3232105952628192
-2.317227856411548
-3.1261062912470337
-3.223355152590881
-1.6016905302329232
-3.672593312919166
-3.5030617227952447
-5.249967669130052
-1.1131205998313485
-1.066533533970605
-1.2351854813015308
-1.081049802305471
-1.1644339555890233
-1.6572136676834461
-1.6756944891063532
-2.1892009699163886
-1.7869909973791496
-2.839423458620105
-2.9626937971707625
-3.956136643679473
-4.582165760263793
-5.460654513673377
-6.748435120069605
-6.64773455479649
-6.237317788404916
-6.0032174794850315
-6.512580262476408
-6.809955469187749
-5.964435057819067
-5.418515130683285
-4.557901000031563
-4.264931843087485
-3.997541977650825
-5.005331654676915
-6.134303700143179
-7.1060988431
-7.25719906994063
-8.131819641406318
-8.159494391397923
-7.931772275758287
-8.784719117902656
-9.926179558544524
-9.901874251378452
-10.535167578449512
-10.06687677102376
-9.137747564791546
-9.037926428524504
-8.54510173413978
-8.019956897727594
-8.619655420278393
-8.212420791947407
-7.359893379481064
-6.375781422238144
-5.919799187874532
-5.477620182432769
-5.40934718741691
-5.525612721425322
-6.064518819300919
