0.348198243169655
0.2822275236014421
1.070956620955848
1.2156495898667912
0.9965715637586544
-1.9166979310351862
-0.7221426517469447
-2.474076915017602
-8.229076924561394
-0.46596925021282487
-0.5175526963885484
3.0110938226500354
4.163968163079172
3.6290058728977597
3.7509280435586114
8.618639734067017
10.197871723524774
12.713746625450858
11.43865979579853
18.200996486027574
18.64337205342116
19.151449115805296
15.58730834387081
18.66945029709099
19.14280062824946
18.355951578099212
17.569468386825008
17.36632098535491
15.318589313443844
14.429652976917854
13.581080827190215
12.597778376411117
10.117268260211931
7.943926407211094
10.03504548895438
8.920791939067684
8.520573738929714
10.596348617586196
12.346788341190475
11.232789223273652
13.325237507092366
16.882021442890004
13.68025016450071
11.644905670488852
11.319898938777957
14.171655787357803
15.296353052281153
14.736860312511833
14.814984281758063
16.325031307560522
15.166809879146587
14.738330230787975
13.334374357446414
11.649568093816892
9.352059325769678
8.49680915509283
6.319730114442065
4.845824002389435
2.7964208555749983
1.8808208521048406
-1.5977217658216207
-1.2195964779993886
0.32284138766612364
-2.3173305955505246
-3.125703198334467
-3.2234232680932777
-1.6015722945634066
-3.6725582244834216
-3.5032810558901764
-5.250664390708409
-1.1110461174045494
-1.0778934820110575
-1.225662363005581
-1.0770180962598377
-1.1628206873331604
-1.6564830578036187
-1.6754126753323777
-2.1891250620883502
-1.7868952623223961
-2.8393712462906815
-2.962644705192427
-3.9561010771577334
-4.58202508667553
-5.460808480208018
-6.748489689521116
-6.647756653309015
-6.237325297029526
-6.0032128874645405
-6.512604136252381
-6.809754797093453
-5.964567710921523
-5.418369879997073
-4.558050500950634
-4.265075672191382
-3.9975409554170125
-5.005605419257488
-6.134095630268163
-7.106026403230194
-7.257358660711037
-8.131665825661026
-8.159383721821097
-7.931578296848563
-8.784243418228188
-9.926663857736813
-9.902081819967263
-10.535303716197609
-10.066840442091165
-9.137733770557437
-9.03793350699354
-8.545100198982594
-8.01994346247431
-8.619648907426114
-8.212342007517025
-7.3599190284532785
-6.375802538619962
-5.919790729025634
-5.47753909661109
-5.409179995870507
-5.524779936522778
-6.06565489356814
