0.3824069117944745
0.439018809652365
0.45145889681858226
0.48476575217179324
0.5891275119093999
0.7044179334750021
0.7353640941989809
0.8021657878378615
0.8446241918644738
0.8451501713522735
0.845104477732755
0.84510450383432
0.8451539043527294
0.8451542522609589
0.8451542547111385
0.8451542547283941
0.8451542547285136
0.8451542547282437
0.8451542546897616
0.8451542492256102
0.845153473354581
0.8450433051325782
0.8362709063587397
0.7754799223480515
0.7188284545513637
0.7072383957697063
0.7071820211335542
0.7071291435079883
0.7066159089178524
0.7066148579807903
0.7070923003418301
0.7071063556719394
0.7071067945346167
0.7071076605355336
0.7071366657040355
0.7068350687812
0.7068448362376983
0.7071467329070923
0.7071079572569777
0.7071068158606337
0.707106784035049
0.7071068433615144
0.7071088922869262
0.7071784964244637
0.7071785585952278
0.7071110677440794
0.7071807463182803
0.7072162585225988
0.707180798038658
0.7069497609479795
0.7069089450649853
0.7071421870547246
0.7071493838279524
0.7071607975523846
0.7071596245724812
0.7071083367505903
0.7071068269780725
0.7071067825343555
0.7071067812204967
0.7071067809930188
0.7071067745726298
0.7071065565068723
0.7070991486915049
0.7068475010347738
0.7068487371734112
0.7071424509432984
0.7071497929430822
0.707105670107737
0.7070259930235638
0.7043610949970226
0.6093851263035711
0.496783661190918
0.4548975712806349
0.44833468583252806
0.4473772517061935
0.44723809826995853
0.4472214583426476
0.44724413228770526
0.44724380488105675
0.44721883960382636
0.44722009476204255
0.44725384614678626
0.44729400463598434
0.4472655535904132
0.44722118895938756
0.4472147916232808
0.4472143749015589
0.4472178551856119
0.4472426338957057
0.447242630961537
0.44721783171672175
0.4472142135557261
0.4472136856735718
0.4472136086594874
0.44721359744305
0.447213595942073
0.4472135966516715
0.4472136031198387
0.4472136476874102
0.4472139531922436
0.44721604715850577
0.44723039941750775
0.4473287712642592
0.4473294679960319
0.44723596907774615
0.4472543359514306
0.4472522435665761
0.44721923419284915
0.4472144182835772
0.44721371629240014
0.4472136182634324
0.4472136340518359
0.44721384259962793
0.4472152866457679
0.4472251864209556
0.4472930408011296
0.4477581216871608
0.45094583350920486
0.47279473537748173
0.6197586981703552
